>DOJHLOP01DWJWJ length=100 xy=1483_3377 region=1 run=R_2005_09_08_15_35_38_
32 31 29 26 30 27 32 32 31 30 28 26 26 28 27 19 26 31 24 32 31 30 25 25 29 24 31 28 28 31 31 27 29 26 22 14 32 31 25 29 31 31 29 32 28 31 31 29 23 24 22 19 19 18 16 10 3 31 28 32
29 32 31 28 23 30 28 31 31 26 24 31 31 28 30 24 27 24 17 29 28 23 31 20 11 16 31 28 31 21 12 30 29 31 26 31 29 24 31 17
>DOJHLOP01CY96H length=106 xy=1104_3511 region=1 run=R_2005_09_08_15_35_38_
29 27 29 29 24 28 31 18 29 25 25 22 11 29 28 23 15 31 24 17 31 28 26 30 25 18 31 28 31 29 29 29 29 26 24 29 28 31 27 24 24 22 12 27 29 25 25 21 9 32 17 6 31 32 14 14 14 13 11 8
4 24 29 32 32 30 24 31 31 27 20 26 29 29 28 17 31 28 29 26 25 11 18 23 32 18 8 22 22 13 31 29 29 30 26 28 29 24 31 28 17 21 29 30 31 24
>DOJHLOP02GHIYJ length=104 xy=2542_3497 region=2 run=R_2005_09_08_15_35_38_
24 16 29 31 28 31 28 25 29 28 15 15 15 14 11 8 3 29 23 31 30 31 29 28 32 32 30 24 23 24 22 27 23 22 27 21 25 18 31 28 31 32 32 32 25 18 25 29 23 31 30 24 26 25 11 30 30 24 28 22
28 25 32 30 27 31 30 21 20 10 26 20 30 23 15 32 28 27 24 17 31 26 0 29 23 25 32 27 31 30 27 31 31 24 17 30 29 23 30 27 31 27 27 13
>DOJHLOP01D144J length=101 xy=1547_2017 region=1 run=R_2005_09_08_15_35_38_
29 29 26 32 26 31 30 24 24 21 12 31 31 31 28 30 29 30 32 31 31 31 31 28 29 29 31 27 26 29 27 26 12 29 28 16 31 31 32 31 27 31 31 28 27 28 32 31 30 26 30 25 28 22 26 16 31 28 31 28
29 28 16 29 24 21 11 28 26 22 22 21 16 6 32 25 23 17 28 29 24 29 29 31 31 28 31 28 26 29 12 31 20 31 30 25 30 25 30 16 32
>DOJHLOP01EMNGC length=98 xy=1781_0426 region=1 run=R_2005_09_08_15_35_38_
31 30 32 30 26 32 31 30 31 28 29 28 17 32 31 31 31 27 31 30 31 32 31 27 32 31 31 31 32 32 29 31 31 32 28 28 31 30 25 31 28 28 23 27 21 31 32 31 28 29 28 16 32 29 31 30 31 31 32 30
32 24 23 6 31 24 24 22 12 31 28 21 32 29 27 31 30 28 31 27 28 26 32 30 25 32 23 15 20 26 25 22 10 31 28 24 28 26